"event_time_1","event_time_2","event_time_3","event_time_4","event_time_5","event_time_6","event_time_7","time_sec"
1.47692707914766,2.06504592401572,NA,NA,NA,NA,NA,21.6214849948883
0.975308415185905,1.26974613474589,NA,NA,NA,NA,NA,22.5323631763458
1.47555342480989,2.2162815780342,NA,NA,NA,NA,NA,25.3622817993164
1.33255011969015,1.52412894300976,NA,NA,NA,NA,NA,25.4010720252991
1.14076400570337,2.53540607586816,NA,NA,NA,NA,NA,22.6740190982819
2.26002003792463,3.64390143344277,NA,NA,NA,NA,NA,19.7706160545349
1.405183516711,2.30616087256083,NA,NA,NA,NA,NA,22.4854681491852
1.53200637205184,2.22290195673051,NA,NA,NA,NA,NA,18.5894241333008
0.725129144309302,2.05626127425296,NA,NA,NA,NA,NA,19.1575019359589
0.443888517579797,1.72480445159468,NA,NA,NA,NA,NA,16.216639995575
1.33064973873287,2.6769759837794,NA,NA,NA,NA,NA,20.5704908370972
0.952161824395369,2.30065892153224,NA,NA,NA,NA,NA,24.7440860271454
1.60235920276593,1.59437943968394,NA,NA,NA,NA,NA,19.9799749851227
1.66961666428271,3.17584585701092,NA,NA,NA,NA,NA,15.5462551116943
2.15350276369801,2.87731107294409,NA,NA,NA,NA,NA,17.0312972068787
0.611747435708812,1.73396602325433,NA,NA,NA,NA,NA,21.4905209541321
1.87561302475639,2.32564118359883,NA,NA,NA,NA,NA,20.9079070091248
1.54031736672452,2.8363986672765,NA,NA,NA,NA,NA,12.270516872406
0.902267503972208,1.48979130447056,NA,NA,NA,NA,NA,14.1199638843536
1.52974569709491,2.03839337447019,NA,NA,NA,NA,NA,18.3004660606384
-0.156818235795046,0.774483578527285,NA,NA,NA,NA,NA,21.2880890369415
0.611059097635114,1.83853916843509,NA,NA,NA,NA,NA,17.8732681274414
1.32223368610827,3.62456235003389,NA,NA,NA,NA,NA,17.3076930046082
0.929690422384615,1.89981210918988,NA,NA,NA,NA,NA,21.420245885849
1.22149878665506,2.66055095588256,NA,NA,NA,NA,NA,16.534353017807
1.79184058103828,2.53014607391037,NA,NA,NA,NA,NA,17.9790599346161
0.551157913369012,2.16300288318165,NA,NA,NA,NA,NA,22.5894930362701
1.51709523152143,2.25582470839241,NA,NA,NA,NA,NA,17.2814199924469
1.01035847138648,1.41945522337238,NA,NA,NA,NA,NA,15.7552721500397
1.77965293450547,2.50224813263751,NA,NA,NA,NA,NA,19.9828591346741
1.28315099838617,2.00618574181958,NA,NA,NA,NA,NA,16.5451030731201
1.55724617922831,3.25972346051423,NA,NA,NA,NA,NA,13.7451329231262
1.39406887330517,2.73635770884853,NA,NA,NA,NA,NA,18.5092568397522
1.39252825199457,2.3697751722001,NA,NA,NA,NA,NA,15.0060410499573
0.155910302002965,0.854805933457104,NA,NA,NA,NA,NA,14.2142169475555
0.942583144603498,1.85722357066249,NA,NA,NA,NA,NA,16.9660849571228
0.679059208058877,1.80170372349013,NA,NA,NA,NA,NA,13.1040058135986
1.81867037288513,3.66335685905878,NA,NA,NA,NA,NA,14.8857002258301
-0.22470644117653,1.89924446204296,NA,NA,NA,NA,NA,12.1388080120087
1.45844968005277,2.63138208974964,NA,NA,NA,NA,NA,13.6384007930756
1.21830097731777,2.06112621691136,NA,NA,NA,NA,NA,16.451945066452
1.5872068610182,2.75383021445975,NA,NA,NA,NA,NA,13.6890761852264
0.387574335671067,1.47202840414611,NA,NA,NA,NA,NA,16.5324258804321
1.56937323724223,2.62104335457845,NA,NA,NA,NA,NA,15.4261031150818
0.848609579959466,2.49860658917669,NA,NA,NA,NA,NA,18.338073015213
0.755524760714052,1.4157790359496,NA,NA,NA,NA,NA,16.6552200317383
0.660121978360773,2.19089083440108,NA,NA,NA,NA,NA,17.5528080463409
1.51791902580238,1.88601954557875,NA,NA,NA,NA,NA,15.2070410251617
2.00019866804517,3.69965003139133,NA,NA,NA,NA,NA,16.0282928943634
0.466386433226538,1.5203024576898,NA,NA,NA,NA,NA,22.9942028522491
0.271188196095508,1.80517116599523,NA,NA,NA,NA,NA,18.5261008739471
1.16566365707418,1.52964986383472,NA,NA,NA,NA,NA,12.2520008087158
1.15509975385082,2.84915182909935,NA,NA,NA,NA,NA,16.971283197403
0.610562291269085,1.71795123748959,NA,NA,NA,NA,NA,16.6927778720856
1.96159419405181,2.94188696377332,NA,NA,NA,NA,NA,19.4296109676361
1.52485719813873,1.98356834230801,NA,NA,NA,NA,NA,16.7601687908173
0.638482671951638,2.15642617350585,NA,NA,NA,NA,NA,22.1618537902832
0.922302134735314,1.12418773325354,NA,NA,NA,NA,NA,16.4162840843201
0.786555401392528,2.45931026361881,NA,NA,NA,NA,NA,17.287740945816
1.62119432475004,2.1459836346636,NA,NA,NA,NA,NA,17.504909992218
2.04162486953693,2.68004301956174,NA,NA,NA,NA,NA,17.0817558765411
1.25316411895088,1.99022086527191,NA,NA,NA,NA,NA,20.1369800567627
0.59598690681499,1.79717129455465,NA,NA,NA,NA,NA,15.5827989578247
1.14395757524238,3.03639395122836,NA,NA,NA,NA,NA,15.5040650367737
0.400626228138188,1.21570548782829,NA,NA,NA,NA,NA,19.3490169048309
1.25410559484229,1.78343568973585,NA,NA,NA,NA,NA,13.7115268707275
1.26748979934692,3.23997982174317,NA,NA,NA,NA,NA,18.8017511367798
1.63280805508611,3.72711195882502,NA,NA,NA,NA,NA,20.2425310611725
0.0990889000957747,1.99638852574946,NA,NA,NA,NA,NA,16.7960250377655
1.06362946432584,1.49022184475924,NA,NA,NA,NA,NA,15.4317920207977
1.55353988781787,1.47805082268647,NA,NA,NA,NA,NA,15.8319869041443
1.42259862413267,3.07565009085098,NA,NA,NA,NA,NA,15.3309030532837
3.21877256828334,2.87938403957918,NA,NA,NA,NA,NA,13.1042220592499
1.86427146949604,2.25769376262346,NA,NA,NA,NA,NA,15.4837369918823
0.672473620593204,1.31883107045062,NA,NA,NA,NA,NA,13.9396460056305
0.973882811218296,2.08512088803711,NA,NA,NA,NA,NA,15.7541661262512
2.27678251564526,2.70378901834176,NA,NA,NA,NA,NA,15.6374940872192
0.523419741203471,1.59145776564041,NA,NA,NA,NA,NA,18.0862910747528
0.474031902546626,1.97594753065544,NA,NA,NA,NA,NA,20.2787311077118
1.49170747861676,1.73081030286848,NA,NA,NA,NA,NA,17.6918058395386
0.396282821848279,1.63870759811119,NA,NA,NA,NA,NA,18.2582590579987
0.835844534219154,1.41217466868807,NA,NA,NA,NA,NA,22.288281917572
1.63927545568081,2.29038234451766,NA,NA,NA,NA,NA,26.0000879764557
1.76827598543619,2.98931581557239,NA,NA,NA,NA,NA,23.0451889038086
1.18569417078618,2.14847033370092,NA,NA,NA,NA,NA,25.4552371501923
2.05795836732871,3.192618228717,NA,NA,NA,NA,NA,26.4629099369049
1.78671904917891,2.91186212313669,NA,NA,NA,NA,NA,21.1003229618073
2.61595502263638,2.68083986354992,NA,NA,NA,NA,NA,27.929563999176
2.0430150821715,2.29680854055184,NA,NA,NA,NA,NA,18.3357558250427
1.396266303627,2.56192633742318,NA,NA,NA,NA,NA,16.8338479995728
1.11423442170512,1.13768258959126,NA,NA,NA,NA,NA,14.2521538734436
-0.0670315363309326,1.57312842932835,NA,NA,NA,NA,NA,13.8380188941956
-1.1166164758081,0.685968748147871,NA,NA,NA,NA,NA,17.2967698574066
0.256517916935465,1.76396755045246,NA,NA,NA,NA,NA,18.9756050109863
0.627153267640651,1.6911475626373,NA,NA,NA,NA,NA,23.2163400650024
0.414078592040041,1.86149885950261,NA,NA,NA,NA,NA,15.8926978111267
0.967223237708552,1.69319135716845,NA,NA,NA,NA,NA,14.7925720214844
1.28907718078248,2.23509480482953,NA,NA,NA,NA,NA,15.5800938606262
1.2741722646053,2.19647980084994,NA,NA,NA,NA,NA,15.9560289382935
0.886580485733411,2.16845860285708,NA,NA,NA,NA,NA,17.0771269798279
1.03641676716246,2.03915881045636,NA,NA,NA,NA,NA,14.5804109573364
0.531379052705495,2.56523653529,NA,NA,NA,NA,NA,19.3018319606781
0.507169497757458,2.41566449410841,NA,NA,NA,NA,NA,16.3480629920959
0.871330949329024,1.30612957941048,NA,NA,NA,NA,NA,15.7266879081726
1.71898797522899,2.70086261601029,NA,NA,NA,NA,NA,22.0839378833771
0.350350491226591,2.09765380039698,NA,NA,NA,NA,NA,18.7709839344025
1.91431357061463,2.90621661840636,NA,NA,NA,NA,NA,16.7001860141754
2.15442792253441,3.10858837577683,NA,NA,NA,NA,NA,16.3838710784912
0.0762950431104448,1.39705671062528,NA,NA,NA,NA,NA,18.7487328052521
-0.0997358686971061,1.60531638408525,NA,NA,NA,NA,NA,13.5611090660095
0.940350102506016,1.57689443094955,NA,NA,NA,NA,NA,16.4488160610199
0.625617215076984,1.92732677889617,NA,NA,NA,NA,NA,14.8708050251007
1.41653894735325,1.54972280087352,NA,NA,NA,NA,NA,15.0435781478882
1.78848434418895,3.19377758248601,NA,NA,NA,NA,NA,16.6412861347198
0.71160136407549,1.20073928448338,NA,NA,NA,NA,NA,16.5080668926239
1.92255156275871,2.44469017331328,NA,NA,NA,NA,NA,20.9214959144592
1.34434461067976,2.15348464024825,NA,NA,NA,NA,NA,17.8534920215607
2.69402005934626,4.05430565228046,NA,NA,NA,NA,NA,17.8413870334625
0.777954127622683,1.17502439003925,NA,NA,NA,NA,NA,22.1604909896851
0.661698126857354,1.36008945453637,NA,NA,NA,NA,NA,16.6475739479065
2.13891416955279,2.24157754089923,NA,NA,NA,NA,NA,17.8501179218292
1.50889615921163,2.79842801501388,NA,NA,NA,NA,NA,22.6451458930969
0.629975833086364,2.03636149985711,NA,NA,NA,NA,NA,22.8351728916168
0.321254139669104,2.11236296588295,NA,NA,NA,NA,NA,17.9181909561157
0.47917147310177,2.59042644307933,NA,NA,NA,NA,NA,17.0008180141449
0.641560813212968,2.6874480836837,NA,NA,NA,NA,NA,16.3668150901794
0.428266557188687,1.36321722331881,NA,NA,NA,NA,NA,15.6925098896027
0.105749490352996,1.34390192413828,NA,NA,NA,NA,NA,21.743047952652
1.65532952973091,1.65536833953964,NA,NA,NA,NA,NA,16.556499004364
0.299716037134552,1.07395341940348,NA,NA,NA,NA,NA,19.2253270149231
0.348374119898608,1.06669746071267,NA,NA,NA,NA,NA,14.3705160617828
1.576155238811,2.1068114232738,NA,NA,NA,NA,NA,16.8762969970703
0.621572101561656,1.92389083566112,NA,NA,NA,NA,NA,21.0014698505402
1.34518736640267,1.69229265252675,NA,NA,NA,NA,NA,14.8571429252625
1.46554904763922,2.05249879060734,NA,NA,NA,NA,NA,16.2800598144531
1.32459615840353,2.74615477792824,NA,NA,NA,NA,NA,17.5372989177704
1.72070674390324,2.50012437120761,NA,NA,NA,NA,NA,14.8597929477692
0.738837503369093,2.4766435680291,NA,NA,NA,NA,NA,15.8315598964691
1.29198608622711,3.04703552156658,NA,NA,NA,NA,NA,13.9317579269409
2.34202598017875,2.02369379465521,NA,NA,NA,NA,NA,15.5910460948944
-0.00888549955422138,1.88391512784425,NA,NA,NA,NA,NA,13.703280210495
0.0259321050623742,1.74844782145073,NA,NA,NA,NA,NA,18.0138912200928
0.879226965684266,2.31412849297656,NA,NA,NA,NA,NA,12.7303340435028
0.486684600211899,1.8137082367459,NA,NA,NA,NA,NA,17.5483720302582
1.35612831004548,1.94351938325156,NA,NA,NA,NA,NA,28.1557531356812
0.557045730991179,1.66552108964063,NA,NA,NA,NA,NA,15.7018520832062
0.404394314557686,0.590257949328021,NA,NA,NA,NA,NA,19.7355690002441
1.35611923642012,2.4874928799011,NA,NA,NA,NA,NA,18.3926458358765
0.373315560610588,1.85162867051477,NA,NA,NA,NA,NA,18.2886819839478
1.86750465196429,2.10287242075746,NA,NA,NA,NA,NA,16.105288028717
1.77255568858641,1.78611213692116,NA,NA,NA,NA,NA,15.636204957962
0.239937588002877,0.638178573462894,NA,NA,NA,NA,NA,18.0034291744232
0.940362149409081,1.20975015275176,NA,NA,NA,NA,NA,22.5385429859161
1.13483677706442,2.18521945280491,NA,NA,NA,NA,NA,17.0924198627472
0.83671678360417,1.71016054233839,NA,NA,NA,NA,NA,17.7950720787048
2.36257998998609,2.75148639321783,NA,NA,NA,NA,NA,17.6980059146881
-0.138674210760783,0.366555323912258,NA,NA,NA,NA,NA,16.0542430877686
1.22121275898926,2.04277818467323,NA,NA,NA,NA,NA,15.5298578739166
0.758435870874498,1.92899467289246,NA,NA,NA,NA,NA,17.7163729667664
1.37950134959057,2.14358415972643,NA,NA,NA,NA,NA,12.8940229415894
0.654006152298419,0.63606490830382,NA,NA,NA,NA,NA,15.1029660701752
0.981838531316487,1.49447336960455,NA,NA,NA,NA,NA,15.3594989776611
1.21667374568097,2.34384049302581,NA,NA,NA,NA,NA,14.4509108066559
1.44730483570446,2.64198485381554,NA,NA,NA,NA,NA,15.1523389816284
0.0918562061297146,0.575618443182454,NA,NA,NA,NA,NA,15.037013053894
0.664154650142817,1.76716649573201,NA,NA,NA,NA,NA,20.1229329109192
1.38678169727274,2.56389304779571,NA,NA,NA,NA,NA,13.6070928573608
0.542574616427369,1.6646520692371,NA,NA,NA,NA,NA,16.3302659988403
1.52207569798732,2.0132518423276,NA,NA,NA,NA,NA,21.6443998813629
0.714812670014885,2.00630638278659,NA,NA,NA,NA,NA,12.6746430397034
1.47420547849614,1.74948675558422,NA,NA,NA,NA,NA,14.1132771968842
0.755095709348633,1.80747510538256,NA,NA,NA,NA,NA,16.0222899913788
0.93847439822822,2.06064684198754,NA,NA,NA,NA,NA,20.7939019203186
1.21486652600818,2.76919731641565,NA,NA,NA,NA,NA,17.0649609565735
1.07551719152523,2.61175533573566,NA,NA,NA,NA,NA,19.6602189540863
0.701416778199695,1.39113656055522,NA,NA,NA,NA,NA,26.4646890163422
1.3301348379047,2.20739374963073,NA,NA,NA,NA,NA,22.6957821846008
0.128275454191543,0.665803751490576,NA,NA,NA,NA,NA,20.302649974823
1.31444820475016,1.93795180986446,NA,NA,NA,NA,NA,28.6820549964905
1.58892224876334,2.04688560396471,NA,NA,NA,NA,NA,18.2371850013733
1.09732177444446,2.34882833039693,NA,NA,NA,NA,NA,19.8914189338684
1.04750814530681,1.67488871350984,NA,NA,NA,NA,NA,20.2036621570587
0.737502275048477,2.19255942085047,NA,NA,NA,NA,NA,18.99240899086
1.66544991777249,2.45147887785232,NA,NA,NA,NA,NA,19.7849419116974
1.25032400688037,2.34688293879017,NA,NA,NA,NA,NA,17.5489869117737
1.01365684869139,2.3705174373106,NA,NA,NA,NA,NA,21.3152821063995
2.13826997976592,2.34483538505262,NA,NA,NA,NA,NA,16.7107789516449
1.59360407633118,2.49592375719294,NA,NA,NA,NA,NA,15.5389680862427
1.75895386285077,2.69020863008041,NA,NA,NA,NA,NA,15.793879032135
-0.00121373430704942,1.35202021247638,NA,NA,NA,NA,NA,14.1152830123901
2.07030261168637,3.09494315021441,NA,NA,NA,NA,NA,15.6831669807434
1.84134465323869,3.17346847172147,NA,NA,NA,NA,NA,23.5831151008606
0.16181407206679,1.60407120277161,NA,NA,NA,NA,NA,20.3032500743866
1.70348060596573,2.58119816606543,NA,NA,NA,NA,NA,16.3976240158081
1.91059314947012,2.116237772419,NA,NA,NA,NA,NA,17.8458368778229
3.19072091006216,3.10455584520116,NA,NA,NA,NA,NA,19.1332340240479
1.83208024210254,2.80946306876474,NA,NA,NA,NA,NA,17.8803961277008
0.894875045696295,2.31520905574465,NA,NA,NA,NA,NA,28.716178894043
2.48704945799839,3.55503175438641,NA,NA,NA,NA,NA,16.8079319000244
0.686523484051724,1.79549523067294,NA,NA,NA,NA,NA,19.7141928672791
1.34855540794551,1.56895328770265,NA,NA,NA,NA,NA,20.6651449203491
0.586476211162327,2.32856337283864,NA,NA,NA,NA,NA,18.6246750354767
1.63607853355903,2.50095463604957,NA,NA,NA,NA,NA,17.202064037323
1.37321101052363,2.99979951160122,NA,NA,NA,NA,NA,17.7078819274902
0.994593134566735,2.33209235711388,NA,NA,NA,NA,NA,23.601133108139
0.692198101983253,1.58751278871924,NA,NA,NA,NA,NA,18.3668320178986
2.01077004497075,2.55673871202577,NA,NA,NA,NA,NA,16.7089109420776
1.71679797604988,1.67224767394479,NA,NA,NA,NA,NA,19.4701490402222
0.321424569895953,1.38044162786157,NA,NA,NA,NA,NA,26.2901458740234
1.832197076321,2.86453361155691,NA,NA,NA,NA,NA,21.2877750396729
1.67087880615899,2.58817651501062,NA,NA,NA,NA,NA,20.4097650051117
0.801606969800617,0.755582624879992,NA,NA,NA,NA,NA,16.7417919635773
-0.404018623392383,1.11885567200574,NA,NA,NA,NA,NA,17.3363170623779
2.25097828794268,2.94263399639217,NA,NA,NA,NA,NA,18.5611810684204
-0.0382976707238951,1.41225742356917,NA,NA,NA,NA,NA,17.0127930641174
0.72960595768539,1.89424502065575,NA,NA,NA,NA,NA,17.155336856842
0.862603565311152,2.36487849538559,NA,NA,NA,NA,NA,17.0399641990662
0.65917210097594,1.49639664866614,NA,NA,NA,NA,NA,14.1215801239014
0.403507576418516,1.50263894122394,NA,NA,NA,NA,NA,13.3548069000244
1.04365302669696,2.08866379861778,NA,NA,NA,NA,NA,13.4658200740814
1.22023053789368,2.49884727638738,NA,NA,NA,NA,NA,16.4644548892975
0.629793528987127,1.94648520210328,NA,NA,NA,NA,NA,12.5898530483246
-0.170232372559377,1.21588928124777,NA,NA,NA,NA,NA,14.1305770874023
1.15779090681209,2.71851233111486,NA,NA,NA,NA,NA,20.5441660881042
2.48919035246227,4.25941809670718,NA,NA,NA,NA,NA,20.9242100715637
0.797362618148371,1.83020949753179,NA,NA,NA,NA,NA,18.5300130844116
-0.0372279536593226,0.485414716546826,NA,NA,NA,NA,NA,18.1188869476318
1.52205047780091,2.48513770694967,NA,NA,NA,NA,NA,25.733550786972
0.656689543185639,1.53004223748355,NA,NA,NA,NA,NA,15.9092621803284
2.20723764915828,3.17291113065921,NA,NA,NA,NA,NA,16.1944670677185
1.25754088020191,2.17197699970904,NA,NA,NA,NA,NA,20.3393940925598
-0.104753760134141,0.605236475908868,NA,NA,NA,NA,NA,18.3888959884644
1.37402873627184,2.60818602916561,NA,NA,NA,NA,NA,22.9661149978638
0.109336502295878,1.84266421449475,NA,NA,NA,NA,NA,24.2621178627014
0.645470176359612,0.706197126996077,NA,NA,NA,NA,NA,23.3991100788116
0.977839397717778,1.5202619526846,NA,NA,NA,NA,NA,21.859708070755
1.21571620620083,2.40748357880189,NA,NA,NA,NA,NA,21.6557879447937
0.964860982136191,1.86612487113692,NA,NA,NA,NA,NA,17.8586649894714
0.541321620473099,1.34475699954344,NA,NA,NA,NA,NA,16.0463039875031
0.987807505184071,2.41079548256089,NA,NA,NA,NA,NA,15.0667381286621
0.65656241600367,0.877636492986157,NA,NA,NA,NA,NA,13.9578092098236
1.28844881976745,1.73768707144145,NA,NA,NA,NA,NA,16.2997081279755
1.40275500119282,2.33703334892992,NA,NA,NA,NA,NA,15.3095700740814
1.36401357919789,2.27362227909002,NA,NA,NA,NA,NA,15.0910079479218
0.673631457940632,1.68962417055671,NA,NA,NA,NA,NA,22.2854149341583
2.56368876176147,3.58894973529258,NA,NA,NA,NA,NA,19.8552498817444
0.252906062304485,1.21776455035182,NA,NA,NA,NA,NA,16.7357120513916
1.46717107933555,2.09997341202348,NA,NA,NA,NA,NA,21.2571239471436
1.20952394987474,1.35644711868511,NA,NA,NA,NA,NA,15.5409791469574
-0.463584367544587,1.93948805312349,NA,NA,NA,NA,NA,18.7491571903229
0.64225715224754,1.25865835106695,NA,NA,NA,NA,NA,15.2449550628662
1.16205354076329,3.18744787440004,NA,NA,NA,NA,NA,17.9143269062042
1.34554950589542,2.00502152148082,NA,NA,NA,NA,NA,16.9593560695648
0.707432874306149,1.46424067242028,NA,NA,NA,NA,NA,15.0060620307922
0.870176289230632,2.57014380760733,NA,NA,NA,NA,NA,15.8329479694366
0.804567967780252,2.6052806373043,NA,NA,NA,NA,NA,12.9518759250641
0.69004733370034,2.19379648690664,NA,NA,NA,NA,NA,17.8370079994202
0.558906475689506,1.87411362405877,NA,NA,NA,NA,NA,19.2710011005402
0.783158931622499,1.54245994644924,NA,NA,NA,NA,NA,24.2701659202576
0.754534300315188,1.5461176176662,NA,NA,NA,NA,NA,16.3943109512329
2.69663790522321,2.97331874361669,NA,NA,NA,NA,NA,21.1635789871216
1.06765375200457,2.45994059511816,NA,NA,NA,NA,NA,16.1098730564117
0.579027072583652,1.05693798834034,NA,NA,NA,NA,NA,14.3258678913116
1.02377597506346,1.99993396674222,NA,NA,NA,NA,NA,14.3161971569061
2.23488922108409,2.60835100345441,NA,NA,NA,NA,NA,16.5076389312744
1.52145983582287,2.69166881758887,NA,NA,NA,NA,NA,19.7827520370483
1.21492384443352,1.87289147773056,NA,NA,NA,NA,NA,17.6650609970093
0.095320530744031,1.12312738985175,NA,NA,NA,NA,NA,20.1997489929199
2.28219936962729,2.79423293034503,NA,NA,NA,NA,NA,17.7795979976654
1.28485583029848,1.70378978780764,NA,NA,NA,NA,NA,15.1840789318085
1.71768166100981,1.80946307913043,NA,NA,NA,NA,NA,25.7366659641266
1.40832940446725,1.72236021676954,NA,NA,NA,NA,NA,18.0306248664856
1.72233904544115,1.74846829989246,NA,NA,NA,NA,NA,18.370833158493
1.72713622219055,1.76767856299284,NA,NA,NA,NA,NA,16.218994140625
1.3122267531132,2.78106747291907,NA,NA,NA,NA,NA,17.2374489307404
0.784561723075779,2.02141062811713,NA,NA,NA,NA,NA,20.410336971283
1.34233011135022,2.75820024419572,NA,NA,NA,NA,NA,22.4856810569763
-0.313319358319128,0.407303871466339,NA,NA,NA,NA,NA,17.1922290325165
0.712967929226724,2.23957969690363,NA,NA,NA,NA,NA,16.1325969696045
-0.0187119390516621,2.14270864597779,NA,NA,NA,NA,NA,19.1861951351166
1.9084621896953,2.73871145754224,NA,NA,NA,NA,NA,20.0262811183929
1.04698413059072,0.494347522500219,NA,NA,NA,NA,NA,16.6981701850891
1.7288264640914,2.27261740165172,NA,NA,NA,NA,NA,16.115779876709
-0.693707277393563,0.258629964653925,NA,NA,NA,NA,NA,16.9287340641022
2.1206053084391,3.11084676813076,NA,NA,NA,NA,NA,13.2185199260712
0.723205110920685,1.21151955486012,NA,NA,NA,NA,NA,15.1480679512024
0.518334286494945,2.41633086077221,NA,NA,NA,NA,NA,16.1335959434509
0.802912465527884,2.18677922244003,NA,NA,NA,NA,NA,22.266294002533
-0.146707086657329,1.18512338259719,NA,NA,NA,NA,NA,17.2827379703522
1.98344872706307,2.2904915113093,NA,NA,NA,NA,NA,14.5944471359253
1.34912200583229,2.50141999227997,NA,NA,NA,NA,NA,14.4000999927521
-0.180175422983826,0.462262436827727,NA,NA,NA,NA,NA,18.9697210788727
1.14848241209322,1.26762720797152,NA,NA,NA,NA,NA,15.4082551002502
0.961981308244842,2.42890175144346,NA,NA,NA,NA,NA,22.9690520763397
0.97427856221211,2.07868679540251,NA,NA,NA,NA,NA,15.7184979915619
0.936740794587237,2.71929295920715,NA,NA,NA,NA,NA,17.0615708827972
0.083074859241794,2.42562187549627,NA,NA,NA,NA,NA,16.7646780014038
1.46905634401536,3.38451187055471,NA,NA,NA,NA,NA,16.0462560653687
0.93715930625848,1.90917498849421,NA,NA,NA,NA,NA,17.0113430023193
0.342397391698106,1.87461142165502,NA,NA,NA,NA,NA,19.3665788173676
1.96064462099152,2.12844982037971,NA,NA,NA,NA,NA,17.6044011116028
2.36812221253888,2.70721137289294,NA,NA,NA,NA,NA,17.9064428806305
1.43144197577949,2.23914060214356,NA,NA,NA,NA,NA,15.9102568626404
0.729401267255648,2.45603096349125,NA,NA,NA,NA,NA,21.5414249897003
0.647735597954361,0.397701665745502,NA,NA,NA,NA,NA,21.0352349281311
1.07541421527075,2.03334015084592,NA,NA,NA,NA,NA,17.9275059700012
0.194017209397306,1.49085255630299,NA,NA,NA,NA,NA,19.3746070861816
2.57771280298625,3.01677360308023,NA,NA,NA,NA,NA,16.1947498321533
1.50061815015431,2.99279807833367,NA,NA,NA,NA,NA,23.4374830722809
0.711238348975653,1.82395238049047,NA,NA,NA,NA,NA,20.5105400085449
2.23957885346853,2.91410728966376,NA,NA,NA,NA,NA,16.6553108692169
1.00743221853766,1.88607688230571,NA,NA,NA,NA,NA,17.3218951225281
0.834469099096158,1.94083997112914,NA,NA,NA,NA,NA,17.0492241382599
1.89006400340764,2.83920580560086,NA,NA,NA,NA,NA,16.3380699157715
1.67081641759219,1.85111514789336,NA,NA,NA,NA,NA,17.4559988975525
0.861835962306316,0.712431766824945,NA,NA,NA,NA,NA,17.0086009502411
1.62183173280938,2.84447643558698,NA,NA,NA,NA,NA,16.1223831176758
2.16520877504165,2.27927240705592,NA,NA,NA,NA,NA,15.1946539878845
0.611625413232973,1.05053392149296,NA,NA,NA,NA,NA,15.9739558696747
0.44085003034228,1.53323325919619,NA,NA,NA,NA,NA,24.5000121593475
0.277190917912364,1.03873478681032,NA,NA,NA,NA,NA,16.5775527954102
1.41709013299499,2.30275270774279,NA,NA,NA,NA,NA,17.0563359260559
1.89211303303736,3.28377827899636,NA,NA,NA,NA,NA,22.0355799198151
1.7731460659159,2.01002910089354,NA,NA,NA,NA,NA,17.6332321166992
1.02474381703309,2.36926289643956,NA,NA,NA,NA,NA,15.6382360458374
1.39852717005471,2.69364237338439,NA,NA,NA,NA,NA,17.9257621765137
1.91668082284388,2.4597028997366,NA,NA,NA,NA,NA,16.1924018859863
0.79625852091344,2.11639331024106,NA,NA,NA,NA,NA,14.4675669670105
1.34807852018501,1.75332073652685,NA,NA,NA,NA,NA,18.6886100769043
1.10482828676002,2.21201309968077,NA,NA,NA,NA,NA,22.9945080280304
1.53936266200206,1.76736231565864,NA,NA,NA,NA,NA,19.2735719680786
2.080244165223,1.83238055351775,NA,NA,NA,NA,NA,20.7332530021667
2.23806526225414,3.64929926055874,NA,NA,NA,NA,NA,22.4049289226532
0.819697381872676,1.80732870811122,NA,NA,NA,NA,NA,21.9234108924866
0.573911976760535,1.84805568369058,NA,NA,NA,NA,NA,19.82151222229
2.04883602443998,3.19535675089263,NA,NA,NA,NA,NA,17.1731159687042
2.54565383415899,3.2243644342481,NA,NA,NA,NA,NA,15.4089269638062
0.435831976805163,1.23137949291898,NA,NA,NA,NA,NA,21.6275599002838
-0.399558544002866,0.84147561378574,NA,NA,NA,NA,NA,19.459764957428
1.55694560247997,1.25862482720941,NA,NA,NA,NA,NA,14.8678019046783
0.852325819966504,1.43509831127246,NA,NA,NA,NA,NA,12.5528330802917
1.82368735265952,2.36846492998151,NA,NA,NA,NA,NA,15.267413854599
-0.335840501384383,0.833598887042733,NA,NA,NA,NA,NA,15.146733045578
-0.405734145316065,1.87753466292265,NA,NA,NA,NA,NA,15.0412590503693
0.296509673337285,1.6288767876039,NA,NA,NA,NA,NA,17.6976299285889
2.05541163895775,2.7041539742808,NA,NA,NA,NA,NA,17.1664369106293
0.839549440575586,1.73699137692868,NA,NA,NA,NA,NA,17.746071100235
0.524170532662499,2.32095820954446,NA,NA,NA,NA,NA,19.6118071079254
0.54738251329352,2.32579868485315,NA,NA,NA,NA,NA,19.7837448120117
1.10404236209602,1.74234207134618,NA,NA,NA,NA,NA,24.5973250865936
1.69709432860078,2.30343555576088,NA,NA,NA,NA,NA,20.6774799823761
0.510382808541688,2.35510521470935,NA,NA,NA,NA,NA,20.7108340263367
1.71210237131092,2.68731430666179,NA,NA,NA,NA,NA,15.5985200405121
0.879572196700786,2.24242737747802,NA,NA,NA,NA,NA,17.1041519641876
2.22613327990668,2.85764798568739,NA,NA,NA,NA,NA,25.8190758228302
1.09011807537925,1.79273626996437,NA,NA,NA,NA,NA,20.9851610660553
1.35803377827632,2.10917196907278,NA,NA,NA,NA,NA,20.3824651241302
0.7002317944166,1.04426976046754,NA,NA,NA,NA,NA,19.7199938297272
1.92456197214021,2.60279637001231,NA,NA,NA,NA,NA,14.8043022155762
0.805313578487728,2.29756577603285,NA,NA,NA,NA,NA,21.7792708873749
0.647341299509011,2.23208204695149,NA,NA,NA,NA,NA,18.2212519645691
1.32863304145053,2.28042904844421,NA,NA,NA,NA,NA,15.6995360851288
1.34054980294621,3.0644467704367,NA,NA,NA,NA,NA,16.378023147583
0.88231991827157,1.91620826058511,NA,NA,NA,NA,NA,14.4613358974457
1.45619467219035,2.10307504315896,NA,NA,NA,NA,NA,14.5062010288239
0.478988119528506,1.48351345980644,NA,NA,NA,NA,NA,14.2877089977264
0.485495713994903,1.12053891142174,NA,NA,NA,NA,NA,14.4892580509186
0.991048492971257,3.32099315497609,NA,NA,NA,NA,NA,14.5644700527191
1.94363450989235,3.39948981196426,NA,NA,NA,NA,NA,14.4149761199951
1.828357913687,2.46050402080867,NA,NA,NA,NA,NA,19.2594220638275
1.25423565562927,2.10103715576791,NA,NA,NA,NA,NA,14.1672241687775
-0.0983990124744444,2.18876571192741,NA,NA,NA,NA,NA,23.446230173111
1.15054754794915,2.19747367822508,NA,NA,NA,NA,NA,22.966833114624
1.10507462881993,1.69104231726367,NA,NA,NA,NA,NA,23.1186711788177
0.474496813481855,0.979488329650867,NA,NA,NA,NA,NA,23.1454470157623
1.70721630307256,2.58511223691895,NA,NA,NA,NA,NA,17.8104948997498
0.245093478692942,1.10757583164441,NA,NA,NA,NA,NA,18.7309648990631
0.569039713762879,2.04134230441773,NA,NA,NA,NA,NA,16.8641169071198
1.16222689669181,2.45287582250703,NA,NA,NA,NA,NA,14.3014500141144
0.567348819903651,2.28406898104893,NA,NA,NA,NA,NA,15.6603169441223
1.34386332941756,2.31277577438932,NA,NA,NA,NA,NA,15.525053024292
0.770296190933217,1.56079717414703,NA,NA,NA,NA,NA,20.6744680404663
0.833621010600385,1.97160229157982,NA,NA,NA,NA,NA,25.6731479167938
1.34052384725911,2.39760088731579,NA,NA,NA,NA,NA,22.4793171882629
1.90165781544668,1.87103722861486,NA,NA,NA,NA,NA,21.8096420764923
2.16726588403025,2.77927074503619,NA,NA,NA,NA,NA,23.1728601455688
1.47767345092502,2.83134807522621,NA,NA,NA,NA,NA,22.1470630168915
1.43099111500147,1.49507417877416,NA,NA,NA,NA,NA,26.3641431331635
-0.315352436232066,1.53314187131094,NA,NA,NA,NA,NA,22.3382320404053
1.26427364202633,2.43770541492051,NA,NA,NA,NA,NA,23.0895400047302
2.46702607108052,3.40537915321918,NA,NA,NA,NA,NA,20.4490361213684
2.12000329707331,2.52762615293866,NA,NA,NA,NA,NA,15.0169990062714
0.388219979181054,0.855920039563927,NA,NA,NA,NA,NA,17.8638918399811
0.819274029616938,1.71258074946783,NA,NA,NA,NA,NA,20.7587900161743
1.47122551476226,2.17594756171949,NA,NA,NA,NA,NA,20.7610991001129
1.82061325498621,1.77376538548543,NA,NA,NA,NA,NA,21.0248069763184
1.69873922448918,1.85292559829767,NA,NA,NA,NA,NA,25.0087478160858
0.768765774176243,2.48629913723425,NA,NA,NA,NA,NA,17.3478000164032
-0.255724606186834,0.949445431053865,NA,NA,NA,NA,NA,19.8119189739227
0.699260524066984,1.65201353796628,NA,NA,NA,NA,NA,19.4179871082306
0.523976460186827,1.45025736470672,NA,NA,NA,NA,NA,15.2185971736908
0.890831283125071,2.27069626808177,NA,NA,NA,NA,NA,18.5672478675842
1.0850371191355,2.4538378787414,NA,NA,NA,NA,NA,18.5665700435638
0.160228819075698,1.59242274155775,NA,NA,NA,NA,NA,16.4106709957123
0.792496566943969,1.63380750471013,NA,NA,NA,NA,NA,14.6049361228943
1.55258870071507,2.97500207124573,NA,NA,NA,NA,NA,26.9944379329681
1.33863927166129,2.25816670099821,NA,NA,NA,NA,NA,18.7737090587616
0.25290330630164,2.02941319541161,NA,NA,NA,NA,NA,18.1794009208679
0.233906192957862,1.17532309551,NA,NA,NA,NA,NA,17.4807121753693
0.514404666667258,2.40450355335653,NA,NA,NA,NA,NA,17.4351658821106
0.988316158096348,3.25341258227786,NA,NA,NA,NA,NA,17.4196281433105
1.54612602057577,3.43511154604811,NA,NA,NA,NA,NA,18.3431618213654
0.0985492097298912,1.58738769314054,NA,NA,NA,NA,NA,25.5942680835724
0.90237349138001,3.1885959054113,NA,NA,NA,NA,NA,20.8132171630859
0.210167513331874,1.58758657096729,NA,NA,NA,NA,NA,21.6139681339264
1.82655052930578,3.0602994805241,NA,NA,NA,NA,NA,20.6720509529114
1.74994351172601,2.18513011148909,NA,NA,NA,NA,NA,22.5005788803101
2.04022014660393,2.90192365898754,NA,NA,NA,NA,NA,31.8448100090027
0.567628096101558,2.15554309176682,NA,NA,NA,NA,NA,18.7859680652618
0.139982132474911,0.32900916630124,NA,NA,NA,NA,NA,26.2796211242676
0.852535887352337,1.46123055707663,NA,NA,NA,NA,NA,20.947998046875
1.08055924422723,2.28641676098967,NA,NA,NA,NA,NA,21.4863710403442
2.74442108882077,2.06514837920092,NA,NA,NA,NA,NA,21.3891010284424
-0.0968799003983922,1.12042967050413,NA,NA,NA,NA,NA,23.0376949310303
1.48143850597524,3.19701921764191,NA,NA,NA,NA,NA,19.5168488025665
0.390052455629645,2.70993992108728,NA,NA,NA,NA,NA,24.0273859500885
1.81235162358461,2.64911248899426,NA,NA,NA,NA,NA,23.4881958961487
1.85874600168039,3.0567029960805,NA,NA,NA,NA,NA,24.0190980434418
0.330814860845564,1.43168942899679,NA,NA,NA,NA,NA,21.2720830440521
1.11456524905903,2.33933738263763,NA,NA,NA,NA,NA,29.5804870128632
0.901519049655041,1.89017017943233,NA,NA,NA,NA,NA,20.7390840053558
1.12717713804931,2.04575826272047,NA,NA,NA,NA,NA,26.1545870304108
1.7958754924131,3.27507115903892,NA,NA,NA,NA,NA,21.8193731307983
1.98656756730082,1.51938254281175,NA,NA,NA,NA,NA,21.0556290149689
0.590998399993643,1.29993923400373,NA,NA,NA,NA,NA,23.2823300361633
1.83624411153013,2.89578296577473,NA,NA,NA,NA,NA,20.3581829071045
1.33733766413611,2.68361525216422,NA,NA,NA,NA,NA,19.6449341773987
0.682194018108117,0.904020466513371,NA,NA,NA,NA,NA,21.770977973938
0.799624511618474,2.06037897941752,NA,NA,NA,NA,NA,19.2612380981445
0.260049452490833,0.137814129179646,NA,NA,NA,NA,NA,17.5268499851227
0.707338263004735,2.18512169654042,NA,NA,NA,NA,NA,20.4257249832153
1.70243546335541,1.10905992671283,NA,NA,NA,NA,NA,17.8827288150787
1.16622692256913,1.94863157593439,NA,NA,NA,NA,NA,15.6079580783844
1.07781941904919,2.50207254575696,NA,NA,NA,NA,NA,15.5312581062317
0.622444933764982,1.2249363394682,NA,NA,NA,NA,NA,21.0962119102478
1.4432821362726,1.98664142020902,NA,NA,NA,NA,NA,21.4121840000153
0.69115041410247,2.20362107276383,NA,NA,NA,NA,NA,15.9055569171906
1.42291147426078,2.47617197310901,NA,NA,NA,NA,NA,18.562135219574
0.139464591199634,1.93747580573241,NA,NA,NA,NA,NA,20.9396522045135
0.140741237774135,1.09934187395818,NA,NA,NA,NA,NA,20.3921899795532
0.686401455817373,1.72635647460338,NA,NA,NA,NA,NA,17.8520939350128
1.7902707881364,2.90945973364584,NA,NA,NA,NA,NA,19.2954421043396
-0.271216878152722,0.596362546413685,NA,NA,NA,NA,NA,19.5541121959686
1.07317354841531,1.20493409686996,NA,NA,NA,NA,NA,19.5055959224701
2.62744970952984,3.13396654517066,NA,NA,NA,NA,NA,19.2971119880676
1.11480285586833,2.08258136301277,NA,NA,NA,NA,NA,17.0723989009857
1.08439757196633,1.54425519215813,NA,NA,NA,NA,NA,24.4259679317474
1.61587739344308,2.0168555300167,NA,NA,NA,NA,NA,24.0887989997864
0.753470650451567,2.03319724023202,NA,NA,NA,NA,NA,20.0049130916595
0.24550239328568,2.02752268847288,NA,NA,NA,NA,NA,21.136461019516
1.29530799711844,2.29426139639097,NA,NA,NA,NA,NA,18.6799840927124
1.75516717246837,2.80600532231866,NA,NA,NA,NA,NA,22.6514730453491
2.004990687941,2.63868021191681,NA,NA,NA,NA,NA,22.6184809207916
0.490523146210889,1.02099295534812,NA,NA,NA,NA,NA,24.2141361236572
1.50058860186072,2.92570757976902,NA,NA,NA,NA,NA,25.8254919052124
1.17795227710674,1.74157583468229,NA,NA,NA,NA,NA,17.7647860050201
0.4177652781879,0.988793109064845,NA,NA,NA,NA,NA,29.9832217693329
0.989712659150562,1.92457454060032,NA,NA,NA,NA,NA,20.5647878646851
1.13106571685285,1.99746484972502,NA,NA,NA,NA,NA,24.1753358840942
1.10137111471342,2.68776913166812,NA,NA,NA,NA,NA,19.2593178749084
-0.11184908729333,1.65769443495108,NA,NA,NA,NA,NA,19.8342108726501
1.20655553692741,2.25130611967568,NA,NA,NA,NA,NA,22.0668427944183
1.21604670680091,1.56583226957371,NA,NA,NA,NA,NA,19.5892431735992
1.28285593636569,2.62264647027993,NA,NA,NA,NA,NA,18.1006288528442
0.330889716429759,1.56433953338337,NA,NA,NA,NA,NA,18.0560791492462
1.12768278470008,2.68793862973614,NA,NA,NA,NA,NA,16.9533910751343
0.203730972650219,2.04609003764976,NA,NA,NA,NA,NA,16.9952778816223
0.796823529109439,1.84875105588332,NA,NA,NA,NA,NA,16.5733420848846
-0.408621747652777,1.07018796552581,NA,NA,NA,NA,NA,22.1754579544067
1.2822530887138,2.83559606525209,NA,NA,NA,NA,NA,13.3706340789795
1.16614352038994,2.39781597327528,NA,NA,NA,NA,NA,14.507639169693
0.832084445606379,2.68744894705636,NA,NA,NA,NA,NA,24.3840651512146
1.70726128710541,2.63418657209009,NA,NA,NA,NA,NA,13.4580190181732
1.45280491711274,2.28180581596629,NA,NA,NA,NA,NA,15.174250125885
0.506863587387829,1.39478943059022,NA,NA,NA,NA,NA,17.8589890003204
0.677091943074529,1.97305787292972,NA,NA,NA,NA,NA,19.43612408638
0.634337552123342,1.14973879773764,NA,NA,NA,NA,NA,15.9556798934937
-0.450799755692291,1.91178966256228,NA,NA,NA,NA,NA,20.8114211559296
1.52619386164604,1.52764900053463,NA,NA,NA,NA,NA,23.1705510616302
1.24256493943152,3.52118843402894,NA,NA,NA,NA,NA,22.3181390762329
0.326401913975058,1.73279103735981,NA,NA,NA,NA,NA,16.7177331447601
-0.147873930117241,1.70270291711821,NA,NA,NA,NA,NA,16.0774278640747
0.0834561421429304,1.61851227533896,NA,NA,NA,NA,NA,22.6789681911469
0.643494599969021,1.96534478834211,NA,NA,NA,NA,NA,18.3105058670044
1.26813619066935,2.23247106528598,NA,NA,NA,NA,NA,15.3826160430908
2.32948086635081,3.53403365065348,NA,NA,NA,NA,NA,14.3694431781769
0.838325954543656,1.87933618165959,NA,NA,NA,NA,NA,13.5885870456696
1.76436317578385,2.96223771266667,NA,NA,NA,NA,NA,13.4657640457153
0.881874934110895,1.37432744182351,NA,NA,NA,NA,NA,14.7560811042786
2.4305497646088,2.9420162460984,NA,NA,NA,NA,NA,14.8320059776306
1.22494108330027,2.24914667012742,NA,NA,NA,NA,NA,15.4088971614838
0.422639774164493,1.51620064426171,NA,NA,NA,NA,NA,14.0436959266663
-0.43099071624624,2.15868033120034,NA,NA,NA,NA,NA,16.2103490829468
0.839726653100727,2.55480004450821,NA,NA,NA,NA,NA,19.7262189388275
0.391927337916903,2.08833007475486,NA,NA,NA,NA,NA,17.657958984375
1.68406365864635,3.1765256437537,NA,NA,NA,NA,NA,17.3836951255798
0.829903646762433,1.67050192700868,NA,NA,NA,NA,NA,19.2847499847412
1.90971097617326,2.5787255888575,NA,NA,NA,NA,NA,16.6136450767517
0.732874775916247,1.52890563312631,NA,NA,NA,NA,NA,17.5469861030579
1.41604460702179,3.12166947133377,NA,NA,NA,NA,NA,15.7142179012299
-0.850691142319588,-0.2366438762008,NA,NA,NA,NA,NA,14.197872877121
1.71650015375754,2.18773195278509,NA,NA,NA,NA,NA,12.1175110340118
0.233276554856998,1.05762819610975,NA,NA,NA,NA,NA,20.064838886261
0.976331404048624,2.61745381164501,NA,NA,NA,NA,NA,11.913076877594
1.41772295937959,1.8805484669395,NA,NA,NA,NA,NA,16.2537140846252
0.586749100888669,1.46259926535861,NA,NA,NA,NA,NA,16.3328549861908
0.0481530651368994,2.48488929910253,NA,NA,NA,NA,NA,21.9552290439606
0.5112730844562,2.31221365358939,NA,NA,NA,NA,NA,14.7337400913239
1.07275729324731,2.42623796658799,NA,NA,NA,NA,NA,18.2552330493927
0.882731042682999,2.28598410103696,NA,NA,NA,NA,NA,18.9634630680084
1.82222665042283,3.16545627912584,NA,NA,NA,NA,NA,18.9663641452789
0.629437070280928,1.09912047894456,NA,NA,NA,NA,NA,18.5402591228485
0.192389841471907,1.49196758282717,NA,NA,NA,NA,NA,17.7141211032867
0.757736632323442,1.49601949302107,NA,NA,NA,NA,NA,15.680547952652
0.832282783055745,1.70587024001604,NA,NA,NA,NA,NA,16.7346088886261
0.179207180219185,2.21978696320286,NA,NA,NA,NA,NA,17.1983320713043
1.25739078609887,2.46784725710921,NA,NA,NA,NA,NA,16.4979629516602
-0.0524402073691148,1.66292987439453,NA,NA,NA,NA,NA,18.0223660469055
0.908395929824712,2.57643851064669,NA,NA,NA,NA,NA,17.9680581092834
1.43647531934926,1.79284067466344,NA,NA,NA,NA,NA,14.8944771289825
1.78839967726492,2.58517593753392,NA,NA,NA,NA,NA,14.8582489490509
-0.660261509463634,-0.317663533544296,NA,NA,NA,NA,NA,21.7502989768982
1.80584530388326,2.13892692911322,NA,NA,NA,NA,NA,17.0544559955597
0.112865774719511,2.66640929735121,NA,NA,NA,NA,NA,14.7132480144501
1.1626212209526,2.05646636915692,NA,NA,NA,NA,NA,15.5240678787231
0.450213522165949,0.229213380462035,NA,NA,NA,NA,NA,15.6558771133423
0.171450582724799,1.61845848924582,NA,NA,NA,NA,NA,15.6110150814056
0.672229446671571,2.37395645161455,NA,NA,NA,NA,NA,12.3656959533691
1.74233970452503,2.74731253903526,NA,NA,NA,NA,NA,14.5641620159149
0.401969830785347,2.39123895091455,NA,NA,NA,NA,NA,13.5410630702972
0.426015026548742,1.71324633305067,NA,NA,NA,NA,NA,19.5868079662323
1.70539516318884,2.49493069506877,NA,NA,NA,NA,NA,12.9775919914246
0.819259291238024,1.67080600413068,NA,NA,NA,NA,NA,16.8380980491638
1.48194135200388,1.64018704513685,NA,NA,NA,NA,NA,18.9186379909515
0.64014621985398,2.14096593692827,NA,NA,NA,NA,NA,17.9080829620361
1.72359998178195,2.15772997589959,NA,NA,NA,NA,NA,20.3557989597321
0.929919775283036,2.82937399533728,NA,NA,NA,NA,NA,20.9725980758667
1.50536094671483,1.69277701428779,NA,NA,NA,NA,NA,18.602077960968
0.12517288918282,2.98781628670143,NA,NA,NA,NA,NA,19.8053410053253
0.71615153686551,2.05814458484899,NA,NA,NA,NA,NA,23.0768539905548
1.19491503247203,1.25024934142675,NA,NA,NA,NA,NA,23.3900470733643
0.502158529923802,1.7140445856989,NA,NA,NA,NA,NA,21.6891920566559
1.48437517576009,2.98326505544523,NA,NA,NA,NA,NA,29.0292398929596
1.61191316535146,2.09574406798622,NA,NA,NA,NA,NA,24.0391869544983
1.26339332487332,2.06206594121221,NA,NA,NA,NA,NA,22.6527020931244
2.47337593153653,3.03343096786806,NA,NA,NA,NA,NA,20.9693388938904
0.226836118312149,1.09344070981113,NA,NA,NA,NA,NA,17.0335490703583
0.659400114324183,1.77873241189009,NA,NA,NA,NA,NA,16.146842956543
0.791543038427104,2.0213787658735,NA,NA,NA,NA,NA,17.1875240802765
0.60609737159612,1.44379006397996,NA,NA,NA,NA,NA,15.7568039894104
-0.196146482709048,1.5292514793514,NA,NA,NA,NA,NA,22.7946770191193
1.15617032374106,1.31189810126401,NA,NA,NA,NA,NA,19.2250530719757
0.144842936919348,0.636824620389244,NA,NA,NA,NA,NA,19.2932901382446
1.1936732331784,1.7682620817475,NA,NA,NA,NA,NA,19.7082810401917
1.69952652641534,1.84965624596678,NA,NA,NA,NA,NA,15.2192599773407
0.532270322823743,1.12138091039507,NA,NA,NA,NA,NA,13.1537220478058
1.94748863824997,1.95372239637087,NA,NA,NA,NA,NA,27.0734870433807
0.989835238346467,1.92015863907411,NA,NA,NA,NA,NA,14.2524168491364
1.39663582580504,2.07129852734618,NA,NA,NA,NA,NA,14.0933880805969
0.466849285948575,2.17680486415843,NA,NA,NA,NA,NA,22.3821411132812
1.17201793670547,1.65891409834914,NA,NA,NA,NA,NA,24.0855851173401
1.15979118608672,1.76245346557786,NA,NA,NA,NA,NA,26.5824620723724
1.89737521601607,2.58283611698068,NA,NA,NA,NA,NA,22.5128297805786
0.484814623139572,1.18345699215649,NA,NA,NA,NA,NA,17.7785511016846
0.304715989907412,0.945072095191342,NA,NA,NA,NA,NA,26.0090308189392
1.38529425609545,2.82819545768185,NA,NA,NA,NA,NA,29.9398589134216
0.839651645574318,2.1764145088541,NA,NA,NA,NA,NA,24.4554440975189
1.15459786299406,1.92473088809503,NA,NA,NA,NA,NA,26.7209339141846
0.646758680612649,1.58028742191924,NA,NA,NA,NA,NA,30.6776449680328
0.910326109883172,2.43135764032361,NA,NA,NA,NA,NA,22.8503971099854
0.985151130200585,2.33230061860904,NA,NA,NA,NA,NA,20.9988920688629
2.23975998076418,2.96703359059967,NA,NA,NA,NA,NA,19.8836309909821
1.1448280960225,2.37732129380852,NA,NA,NA,NA,NA,18.3119149208069
1.46953020889798,1.9793229234573,NA,NA,NA,NA,NA,14.7226650714874
1.48841818929798,2.12596198997407,NA,NA,NA,NA,NA,17.8055999279022
0.144104273572906,0.526110033773399,NA,NA,NA,NA,NA,23.6910738945007
0.797770236340671,1.99235011634914,NA,NA,NA,NA,NA,16.2574989795685
1.1561336258003,3.36530011447851,NA,NA,NA,NA,NA,26.6389548778534
0.717543700940185,2.06995843345299,NA,NA,NA,NA,NA,17.9939179420471
0.864060509881133,2.18829343736775,NA,NA,NA,NA,NA,17.549026966095
0.601591159078611,2.03779978438834,NA,NA,NA,NA,NA,19.4351959228516
1.33189791300243,2.60105097484653,NA,NA,NA,NA,NA,16.1037969589233
0.902772652225222,1.4407153419535,NA,NA,NA,NA,NA,18.2176868915558
0.243862458978227,1.56200320326845,NA,NA,NA,NA,NA,24.2706100940704
0.730239822078168,2.10168972149052,NA,NA,NA,NA,NA,18.4269919395447
1.41404569384635,1.38431288120602,NA,NA,NA,NA,NA,14.6954469680786
1.32181284784602,1.71628286810997,NA,NA,NA,NA,NA,23.802206993103
0.169774857492777,0.639719284359211,NA,NA,NA,NA,NA,21.7565999031067
1.34702311766523,1.98223207100274,NA,NA,NA,NA,NA,18.4671409130096
0.258484973022278,1.23105948968179,NA,NA,NA,NA,NA,19.1523168087006
0.243451641759262,1.08911228795104,NA,NA,NA,NA,NA,25.1337430477142
1.51481578399972,2.69849670721852,NA,NA,NA,NA,NA,22.6889269351959
1.05731108431014,1.62608013379991,NA,NA,NA,NA,NA,18.5761940479279
2.08435999794284,2.52534354145729,NA,NA,NA,NA,NA,23.5318529605865
1.40653456325824,1.3409911664598,NA,NA,NA,NA,NA,19.6898009777069
0.725448080869038,1.89384293751695,NA,NA,NA,NA,NA,20.6397359371185
0.133163154405427,2.01139393786984,NA,NA,NA,NA,NA,18.6173589229584
0.907796942070778,1.86312460889897,NA,NA,NA,NA,NA,17.0005509853363
0.167548574089934,1.98324196910454,NA,NA,NA,NA,NA,17.3474929332733
1.07620576074694,1.91378477959973,NA,NA,NA,NA,NA,19.0338599681854
0.318243557003391,1.83606401673524,NA,NA,NA,NA,NA,15.8072791099548
0.69119180836389,1.38003202083602,NA,NA,NA,NA,NA,14.3242959976196
1.3859805235904,1.60039127972779,NA,NA,NA,NA,NA,22.9949049949646
1.84151738490061,1.93054624741302,NA,NA,NA,NA,NA,23.3742439746857
0.969905084407686,2.73584548405546,NA,NA,NA,NA,NA,17.8708260059357
0.577326612822474,2.77602028370331,NA,NA,NA,NA,NA,14.6614050865173
0.938833418503052,3.46099815027363,NA,NA,NA,NA,NA,28.4338171482086
0.653000597084687,-0.325921400177307,NA,NA,NA,NA,NA,15.7031791210175
0.288213039412205,1.52045339476493,NA,NA,NA,NA,NA,18.4107191562653
0.967055973183008,2.79282182193076,NA,NA,NA,NA,NA,18.4130189418793
1.13116807941025,1.25139106222485,NA,NA,NA,NA,NA,18.8713719844818
2.01918240961297,2.16418460458768,NA,NA,NA,NA,NA,17.4067239761353
1.08919328370745,2.33328072458591,NA,NA,NA,NA,NA,22.4154999256134
0.676707025513433,0.920743645930379,NA,NA,NA,NA,NA,16.753096818924
0.364239405852206,1.41878748355128,NA,NA,NA,NA,NA,19.7698588371277
1.46338704424859,3.13744939034754,NA,NA,NA,NA,NA,17.6920421123505
0.43863532962039,1.87466820296717,NA,NA,NA,NA,NA,27.5089559555054
0.0265861880763389,1.97297112258641,NA,NA,NA,NA,NA,21.6174931526184
1.57250812347346,1.35844831498747,NA,NA,NA,NA,NA,21.1179020404816
1.2272046386242,1.50415410461896,NA,NA,NA,NA,NA,21.2328670024872
1.45192632270779,1.90537367959958,NA,NA,NA,NA,NA,20.2746469974518
-0.356978931399494,1.79253132216301,NA,NA,NA,NA,NA,23.1843338012695
0.807860466336967,2.49959541668856,NA,NA,NA,NA,NA,21.8314490318298
0.890615248823989,2.45674760970226,NA,NA,NA,NA,NA,24.7039849758148
1.43037108689293,2.05710981899417,NA,NA,NA,NA,NA,22.7868230342865
0.133039429477673,0.970263955844524,NA,NA,NA,NA,NA,23.2415640354156
2.0401426154961,3.38481047688808,NA,NA,NA,NA,NA,24.425852060318
0.748838600604951,2.01489318078245,NA,NA,NA,NA,NA,22.121924161911
0.808057214063292,2.13225144772825,NA,NA,NA,NA,NA,20.6567299365997
0.223368344845073,1.10486235350666,NA,NA,NA,NA,NA,20.6114330291748
0.232671048031698,1.21208296127836,NA,NA,NA,NA,NA,19.5472071170807
1.03422891317541,2.73351607351608,NA,NA,NA,NA,NA,20.2873659133911
0.715870814367567,1.63740911181278,NA,NA,NA,NA,NA,17.704941034317
0.51598176001902,1.65768242566692,NA,NA,NA,NA,NA,15.3896059989929
2.38650106574916,2.59196375807451,NA,NA,NA,NA,NA,17.1936540603638
1.70383138574107,2.3252875783972,NA,NA,NA,NA,NA,17.1270191669464
0.93930947226597,2.30377326496502,NA,NA,NA,NA,NA,16.2888150215149
0.579395627322901,1.95293787977919,NA,NA,NA,NA,NA,13.9510300159454
0.169823481075251,1.26764575422576,NA,NA,NA,NA,NA,16.9638929367065
0.817436980092276,1.56836021212753,NA,NA,NA,NA,NA,22.7618091106415
1.49832334674847,1.86762080549347,NA,NA,NA,NA,NA,14.5085580348969
0.725463265571004,2.01976112978899,NA,NA,NA,NA,NA,15.5935320854187
0.88004236529757,2.15023516639065,NA,NA,NA,NA,NA,20.9559810161591
0.898167832890868,2.77872965550299,NA,NA,NA,NA,NA,18.6232500076294
1.08469413975094,1.85409091826972,NA,NA,NA,NA,NA,18.356507062912
0.625383038275551,0.590778815926071,NA,NA,NA,NA,NA,18.9183330535889
-0.801756359915768,0.192444584807015,NA,NA,NA,NA,NA,17.8003160953522
0.603222221938382,0.977292828461559,NA,NA,NA,NA,NA,18.4346101284027
0.305298065668045,2.2753700415952,NA,NA,NA,NA,NA,24.6332569122314
0.0644979897635876,1.65546184067173,NA,NA,NA,NA,NA,16.4438440799713
1.01871601797645,2.08837837468734,NA,NA,NA,NA,NA,19.1422629356384
1.59735610481305,3.10194742331407,NA,NA,NA,NA,NA,25.489068031311
0.835618979022543,2.18601284191711,NA,NA,NA,NA,NA,23.936901807785
0.273795062908634,2.1734128791484,NA,NA,NA,NA,NA,24.8569378852844
0.358889451851845,1.74975188010754,NA,NA,NA,NA,NA,25.1401779651642
1.36409702886671,1.81815520426796,NA,NA,NA,NA,NA,15.7115070819855
2.01198351974693,2.86795320682189,NA,NA,NA,NA,NA,23.8980491161346
1.27418217478791,3.28429638393962,NA,NA,NA,NA,NA,21.8759250640869
1.72425316574553,1.6921502757332,NA,NA,NA,NA,NA,20.5667719841003
1.30033566962108,2.76917286788444,NA,NA,NA,NA,NA,19.2846870422363
0.722701903917718,1.46146954031301,NA,NA,NA,NA,NA,19.1464099884033
0.842386071442393,1.91840612754261,NA,NA,NA,NA,NA,18.2973358631134
1.58699181282237,1.35833220477972,NA,NA,NA,NA,NA,20.5901000499725
0.44126544299115,1.29967157802686,NA,NA,NA,NA,NA,17.5977079868317
0.788895266428719,0.605732243954012,NA,NA,NA,NA,NA,18.9963071346283
2.5317264613136,3.3548879957429,NA,NA,NA,NA,NA,16.4789719581604
0.488967151985096,1.30487523572911,NA,NA,NA,NA,NA,15.1067311763763
1.74603565577016,2.323737580565,NA,NA,NA,NA,NA,23.5201470851898
0.465408231646298,2.03982156572442,NA,NA,NA,NA,NA,15.4247858524323
-0.113200967177053,1.13408075519364,NA,NA,NA,NA,NA,18.3606209754944
1.11982065050884,3.4072293255051,NA,NA,NA,NA,NA,20.7718839645386
1.0323747260931,1.95476900341221,NA,NA,NA,NA,NA,20.0115489959717
-1.12129924743563,0.600298784619746,NA,NA,NA,NA,NA,27.6723740100861
0.787625106483383,1.73153940105248,NA,NA,NA,NA,NA,22.9557518959045
1.60966020669953,1.57289638879673,NA,NA,NA,NA,NA,22.1801588535309
1.82557693964222,1.71839236943385,NA,NA,NA,NA,NA,19.483470916748
1.56249808729465,2.37742748265773,NA,NA,NA,NA,NA,28.2102870941162
0.916702884667432,1.65685176676097,NA,NA,NA,NA,NA,22.7141289710999
2.04218392299634,3.11454366761752,NA,NA,NA,NA,NA,20.1602468490601
1.39318602112497,2.25580570913659,NA,NA,NA,NA,NA,19.5397338867188
1.40613552820988,2.098091218598,NA,NA,NA,NA,NA,17.3964071273804
0.143892108241728,1.5337206005256,NA,NA,NA,NA,NA,20.7630650997162
0.927066922453313,2.28541880616131,NA,NA,NA,NA,NA,17.0337750911713
1.20707002814552,2.34859450433027,NA,NA,NA,NA,NA,16.1976618766785
1.16422890049054,2.58187278209478,NA,NA,NA,NA,NA,15.4949269294739
0.826177575064785,1.55555471566866,NA,NA,NA,NA,NA,18.4744851589203
1.40777329539349,2.06385920909391,NA,NA,NA,NA,NA,14.9940829277039
2.35286498344793,2.76568590395763,NA,NA,NA,NA,NA,19.3730900287628
0.889895202695533,1.8761003830539,NA,NA,NA,NA,NA,14.8561029434204
1.60191112631166,2.05863141738105,NA,NA,NA,NA,NA,15.8858160972595
1.32780824694969,2.19133521554327,NA,NA,NA,NA,NA,15.1808512210846
0.43944116987476,1.04737981751488,NA,NA,NA,NA,NA,19.163477897644
0.906198415032412,1.02310075146185,NA,NA,NA,NA,NA,21.9041690826416
-0.0380576114714287,2.35760961446729,NA,NA,NA,NA,NA,20.716737985611
0.824595398438021,2.19333632013978,NA,NA,NA,NA,NA,20.6246099472046
0.639096529881368,1.49155176452823,NA,NA,NA,NA,NA,26.036612033844
0.689872012252463,1.07715867899209,NA,NA,NA,NA,NA,22.5897281169891
1.24739436868998,2.37349333135298,NA,NA,NA,NA,NA,22.9133050441742
2.62485345915009,2.7037979397438,NA,NA,NA,NA,NA,15.4111170768738
1.18692102457285,2.72299915380672,NA,NA,NA,NA,NA,23.8152761459351
1.6637522705983,2.6245190904028,NA,NA,NA,NA,NA,27.6775720119476
1.54793337301647,2.47837956951198,NA,NA,NA,NA,NA,22.7949211597443
0.121637487165372,1.48617738107315,NA,NA,NA,NA,NA,26.2645750045776
1.43887904745559,2.81263022797924,NA,NA,NA,NA,NA,22.6598949432373
1.56566215106881,2.40658498525507,NA,NA,NA,NA,NA,21.2162787914276
0.316834298113197,1.84532548515027,NA,NA,NA,NA,NA,36.7135090827942
1.18331688137501,1.75972704135561,NA,NA,NA,NA,NA,24.0231640338898
0.341903730448287,2.43525451951396,NA,NA,NA,NA,NA,23.0827820301056
3.12184377315266,4.1725409052842,NA,NA,NA,NA,NA,22.2221460342407
-0.123244194084724,2.19460723297038,NA,NA,NA,NA,NA,24.1476979255676
1.62732209425809,2.54988412642687,NA,NA,NA,NA,NA,20.3821768760681
1.31089606909097,2.55187977747066,NA,NA,NA,NA,NA,20.5535480976105
0.663624936412661,2.41516742239218,NA,NA,NA,NA,NA,24.2211270332336
1.61371098585786,3.08122233484436,NA,NA,NA,NA,NA,17.9690239429474
-0.0828927232428753,1.21822623988686,NA,NA,NA,NA,NA,26.6195149421692
0.562554255952683,2.37822946560507,NA,NA,NA,NA,NA,16.5196001529694
0.690948815978456,1.77061710714567,NA,NA,NA,NA,NA,18.4842607975006
1.85509315455799,3.04905240302374,NA,NA,NA,NA,NA,18.2178030014038
0.444958279413365,1.77165650733454,NA,NA,NA,NA,NA,17.3630220890045
0.786034280284655,1.80466403044783,NA,NA,NA,NA,NA,26.1900820732117
0.933093657067114,2.41354291555791,NA,NA,NA,NA,NA,18.7235040664673
0.981763214999696,2.2275463229412,NA,NA,NA,NA,NA,17.4443337917328
0.558109878728312,2.01214166131862,NA,NA,NA,NA,NA,19.5731852054596
1.81418026335613,3.1105066908821,NA,NA,NA,NA,NA,20.2137191295624
0.475974617615872,1.52139667783105,NA,NA,NA,NA,NA,21.4436800479889
1.13307765112532,1.5180695812525,NA,NA,NA,NA,NA,22.25812292099
1.23649273841879,2.03518582774359,NA,NA,NA,NA,NA,22.7989389896393
0.111415775860323,1.2488952363562,NA,NA,NA,NA,NA,21.4528729915619
0.451719341284039,0.836047808986881,NA,NA,NA,NA,NA,18.3425500392914
0.0714170834537745,0.890398636606133,NA,NA,NA,NA,NA,18.1671268939972
2.60039958921534,3.46794512632804,NA,NA,NA,NA,NA,16.7014091014862
1.23560269267511,2.07994108089551,NA,NA,NA,NA,NA,15.51007604599
0.512393087004731,2.09869292869688,NA,NA,NA,NA,NA,17.1781630516052
1.75850451626549,2.64223581855614,NA,NA,NA,NA,NA,16.1072127819061
0.838178196324984,1.98163582552939,NA,NA,NA,NA,NA,15.5707340240479
0.524827710597223,1.55548857746591,NA,NA,NA,NA,NA,17.081022977829
0.894037937241354,2.00947820068585,NA,NA,NA,NA,NA,22.1144421100616
1.19926253768149,1.87456082946718,NA,NA,NA,NA,NA,17.113557100296
1.11776371025594,2.3450569323398,NA,NA,NA,NA,NA,17.5519931316376
0.265526470036667,0.892091533168557,NA,NA,NA,NA,NA,25.5097990036011
0.237178091650359,2.20879313424101,NA,NA,NA,NA,NA,20.2759780883789
0.751938869031022,1.97819310238001,NA,NA,NA,NA,NA,18.2021510601044
0.61526955297765,1.92776032117858,NA,NA,NA,NA,NA,16.5375430583954
1.76720009852866,1.306073310671,NA,NA,NA,NA,NA,27.2306728363037
1.23680881343879,2.18403315549949,NA,NA,NA,NA,NA,17.1593201160431
0.650369667927725,1.3962654594793,NA,NA,NA,NA,NA,27.5953571796417
1.9035735285006,2.11359176994123,NA,NA,NA,NA,NA,22.9370601177216
1.28789088755133,1.56574053297402,NA,NA,NA,NA,NA,36.0348341464996
0.943268834967422,2.11763099045048,NA,NA,NA,NA,NA,28.1501059532166
1.62808242233354,2.19046357798326,NA,NA,NA,NA,NA,28.3434929847717
2.07994891415727,2.42186109337432,NA,NA,NA,NA,NA,24.0379040241241
0.122172862408657,2.38627460194405,NA,NA,NA,NA,NA,22.4864830970764
1.20780141752107,2.4808289135289,NA,NA,NA,NA,NA,21.8335869312286
1.27308322479219,1.4074617404679,NA,NA,NA,NA,NA,24.5675690174103
1.29444263807543,2.50457593991187,NA,NA,NA,NA,NA,19.3394129276276
0.964474715622826,2.49367413339352,NA,NA,NA,NA,NA,15.3675980567932
2.16356152558586,3.57649915580832,NA,NA,NA,NA,NA,18.7146990299225
1.23640050894528,1.45429406470988,NA,NA,NA,NA,NA,17.6996369361877
1.04524710088877,1.05151526636937,NA,NA,NA,NA,NA,16.333701133728
-0.620727487713452,1.31326390478841,NA,NA,NA,NA,NA,15.294979095459
1.18556221284807,1.90748087098483,NA,NA,NA,NA,NA,18.475625038147
1.42061432034192,2.81225074048572,NA,NA,NA,NA,NA,16.9185841083527
0.400152758009056,1.37089576132307,NA,NA,NA,NA,NA,17.6910710334778
0.604522448787833,1.85948474221975,NA,NA,NA,NA,NA,22.111839056015
1.31882542271172,2.65913083203773,NA,NA,NA,NA,NA,28.827742099762
1.03947370434229,1.99304460666026,NA,NA,NA,NA,NA,28.2660970687866
1.73310792158589,2.92916227071378,NA,NA,NA,NA,NA,20.0822989940643
1.68148533230407,2.53994810181076,NA,NA,NA,NA,NA,20.5071048736572
1.85909733414386,2.3316185884032,NA,NA,NA,NA,NA,21.2347218990326
1.07802447504998,2.18416201617575,NA,NA,NA,NA,NA,26.7337639331818
2.32359463200451,2.53767059063295,NA,NA,NA,NA,NA,18.5976021289825
0.0501803073129426,1.63677038740903,NA,NA,NA,NA,NA,17.7685840129852
0.994080855853147,2.13670111095812,NA,NA,NA,NA,NA,24.8678891658783
0.89015244665865,1.66083859741044,NA,NA,NA,NA,NA,21.7572870254517
0.298377074418228,1.55577782817058,NA,NA,NA,NA,NA,23.8232071399689
0.328628892944844,1.28736865807563,NA,NA,NA,NA,NA,23.9468560218811
1.0530054320087,1.69072322442522,NA,NA,NA,NA,NA,21.826963186264
2.58809602122846,3.36037637551539,NA,NA,NA,NA,NA,21.414076089859
0.794647368645818,1.30169463118302,NA,NA,NA,NA,NA,17.9388029575348
1.83887234615931,2.39135405283001,NA,NA,NA,NA,NA,17.8193709850311
1.10716096431272,2.37941353431276,NA,NA,NA,NA,NA,21.7245287895203
0.048552893170406,0.713725179046918,NA,NA,NA,NA,NA,17.4562118053436
1.54309905912172,1.89151561164048,NA,NA,NA,NA,NA,16.4260900020599
1.26025578687435,2.9165760572365,NA,NA,NA,NA,NA,19.0104968547821
1.7206748442058,2.50113402218508,NA,NA,NA,NA,NA,20.3511528968811
1.70393282909843,3.02966269153844,NA,NA,NA,NA,NA,17.9240250587463
0.554281521336712,2.45059450215837,NA,NA,NA,NA,NA,20.9760370254517
0.971709492549768,2.10408194611373,NA,NA,NA,NA,NA,24.5402359962463
1.25853892347775,1.4154674360696,NA,NA,NA,NA,NA,18.1581020355225
0.637031844254347,2.12455965803469,NA,NA,NA,NA,NA,17.3514351844788
0.150110548773713,1.61891644030365,NA,NA,NA,NA,NA,18.7354438304901
0.669834704067199,1.95652413239918,NA,NA,NA,NA,NA,26.696995973587
0.693185378286068,1.53714990480289,NA,NA,NA,NA,NA,19.6068661212921
1.15919313239407,1.49662511807909,NA,NA,NA,NA,NA,19.906672000885
0.896008260214208,3.00808187988521,NA,NA,NA,NA,NA,24.4864978790283
1.55611434429907,2.74451990014904,NA,NA,NA,NA,NA,22.4604930877686
1.13238425574602,1.96243707318845,NA,NA,NA,NA,NA,20.8687200546265
0.720718705809371,1.78579534701092,NA,NA,NA,NA,NA,25.1850571632385
0.642103490138476,1.61744628262323,NA,NA,NA,NA,NA,21.639671087265
1.0783797195052,2.21912053930926,NA,NA,NA,NA,NA,28.4946880340576
0.639211652159184,1.99865840147536,NA,NA,NA,NA,NA,21.5095610618591
1.51120430840224,2.6523062697935,NA,NA,NA,NA,NA,19.4270977973938
1.81273983306281,2.14876025175387,NA,NA,NA,NA,NA,21.4772279262543
0.59253326663397,2.82522811326929,NA,NA,NA,NA,NA,19.2718148231506
1.28229630777238,2.54618358688587,NA,NA,NA,NA,NA,20.1425049304962
3.15799106733226,3.884704679643,NA,NA,NA,NA,NA,20.0711500644684
0.851194822884979,1.34288601187174,NA,NA,NA,NA,NA,18.0330541133881
2.09490741929481,2.42649377294374,NA,NA,NA,NA,NA,18.8422300815582
1.00131281277925,2.33563909576495,NA,NA,NA,NA,NA,18.0289998054504
0.767178925945839,1.84961967605153,NA,NA,NA,NA,NA,17.87331199646
1.23583083241225,2.41114394737371,NA,NA,NA,NA,NA,19.0472700595856
1.23989068168016,2.31420894284281,NA,NA,NA,NA,NA,18.1814479827881
0.872185718238159,1.37676234854302,NA,NA,NA,NA,NA,20.14448595047
0.698289583458441,1.85137025209865,NA,NA,NA,NA,NA,25.0332469940186
1.41387771620159,1.92601135070031,NA,NA,NA,NA,NA,19.5659129619598
0.191712364342757,1.56849431807951,NA,NA,NA,NA,NA,16.6609268188477
1.07963373637676,1.97949817150796,NA,NA,NA,NA,NA,24.2321739196777
0.492735221580395,1.28917532707792,NA,NA,NA,NA,NA,18.952290058136
0.527698594097518,3.66456373911337,NA,NA,NA,NA,NA,15.3400509357452
0.948401058014392,2.83248451466863,NA,NA,NA,NA,NA,15.491800069809
0.76331116585494,2.23699839183644,NA,NA,NA,NA,NA,19.1713020801544
0.556800594371618,1.88472616363293,NA,NA,NA,NA,NA,20.7830541133881
0.870900902698104,1.77657093967047,NA,NA,NA,NA,NA,16.8290328979492
0.750792422544446,2.58602714884596,NA,NA,NA,NA,NA,17.5582220554352
0.715540638384166,2.24465850139546,NA,NA,NA,NA,NA,19.4827969074249
1.60523816129916,2.96613473098281,NA,NA,NA,NA,NA,19.2474899291992
0.851073418099593,1.74338707677718,NA,NA,NA,NA,NA,17.0562160015106
0.982158720226893,1.533737238553,NA,NA,NA,NA,NA,19.0475330352783
0.119388219304193,1.33489933948723,NA,NA,NA,NA,NA,28.2054488658905
0.344635052417338,0.940780566247198,NA,NA,NA,NA,NA,17.4535551071167
1.11276153525774,1.8539328203489,NA,NA,NA,NA,NA,17.7370190620422
1.11736891761036,2.43929146309646,NA,NA,NA,NA,NA,25.2507491111755
1.78540139536325,3.34112110338506,NA,NA,NA,NA,NA,22.3700380325317
1.29969404159552,1.65751264506669,NA,NA,NA,NA,NA,22.1255919933319
1.2857868322447,1.91166529067281,NA,NA,NA,NA,NA,26.4770760536194
0.572385327258445,1.72374282314636,NA,NA,NA,NA,NA,18.2503991127014
0.867940137757,2.96679789454155,NA,NA,NA,NA,NA,24.7776789665222
0.849254980664746,2.09434354437205,NA,NA,NA,NA,NA,20.4854190349579
2.83997930954765,3.51879289183018,NA,NA,NA,NA,NA,17.4787650108337
0.295808132537983,1.75114550360196,NA,NA,NA,NA,NA,19.3919451236725
1.11025598392171,1.72144412376888,NA,NA,NA,NA,NA,18.9576671123505
1.3102869323396,1.27810975356899,NA,NA,NA,NA,NA,17.687940120697
0.28798276459924,2.23404378472563,NA,NA,NA,NA,NA,15.9901700019836
2.21540290118591,1.04933556863479,NA,NA,NA,NA,NA,17.7480509281158
1.56905897382745,2.93338882472224,NA,NA,NA,NA,NA,17.4947090148926
1.4894570579708,2.25565725002935,NA,NA,NA,NA,NA,26.9895658493042
1.01926957014904,2.8806912509208,NA,NA,NA,NA,NA,19.0363330841064
1.52330768523286,2.94457780739134,NA,NA,NA,NA,NA,21.7634420394897
0.303024833802218,2.24004971323167,NA,NA,NA,NA,NA,21.5130789279938
0.901517345752279,1.98524969822527,NA,NA,NA,NA,NA,24.1304790973663
0.589703990994813,2.42584311953008,NA,NA,NA,NA,NA,21.024610042572
1.84406161295149,2.1581276351986,NA,NA,NA,NA,NA,28.3028430938721
1.55844172827926,2.35377148762453,NA,NA,NA,NA,NA,19.6914708614349
0.924193952777863,1.88285270214394,NA,NA,NA,NA,NA,17.7418849468231
0.911454590642942,1.77738009703505,NA,NA,NA,NA,NA,19.9312109947205
1.07646372208894,2.91718236692865,NA,NA,NA,NA,NA,19.8194930553436
0.536646683912309,1.20099685081571,NA,NA,NA,NA,NA,21.84202003479
0.0114293045343757,0.806605222748525,NA,NA,NA,NA,NA,19.4485549926758
0.357884374502499,1.34813743637587,NA,NA,NA,NA,NA,21.2265329360962
1.68375184788964,2.07956965697531,NA,NA,NA,NA,NA,15.8427410125732
0.188948057016052,2.50046016980639,NA,NA,NA,NA,NA,21.3671340942383
1.37381443566802,2.02053911551812,NA,NA,NA,NA,NA,19.0881969928741
1.0263870134057,1.91552577987923,NA,NA,NA,NA,NA,25.00674700737
0.492538744767382,1.44292203373107,NA,NA,NA,NA,NA,22.2600510120392
1.50175363078089,2.57826087647211,NA,NA,NA,NA,NA,17.7727029323578
1.65609086918877,3.08016619107463,NA,NA,NA,NA,NA,18.0037469863892
1.30956482863592,1.69163093436322,NA,NA,NA,NA,NA,19.1993329524994
1.09736626193209,1.89749728419603,NA,NA,NA,NA,NA,14.6058230400085
0.704735951795188,1.81652204496392,NA,NA,NA,NA,NA,15.0549600124359
0.523836704944281,2.47810845473928,NA,NA,NA,NA,NA,17.6286869049072
0.07603467764345,1.75447942889301,NA,NA,NA,NA,NA,17.5843679904938
0.395224405337195,2.27937966569549,NA,NA,NA,NA,NA,12.9821360111237
0.148020085701714,2.64644888256723,NA,NA,NA,NA,NA,16.569883108139
2.0723733448948,2.07606529473768,NA,NA,NA,NA,NA,15.7804789543152
0.522023737845122,1.87538124867681,NA,NA,NA,NA,NA,15.8242080211639
2.13116211850003,2.62547828246317,NA,NA,NA,NA,NA,13.86452293396
1.56359311228063,3.38307913924176,NA,NA,NA,NA,NA,14.1708500385284
1.65302899633688,2.40701976970203,NA,NA,NA,NA,NA,16.6757030487061
0.760733535426148,2.05337710236462,NA,NA,NA,NA,NA,25.7913551330566
0.444854413990127,1.9463341490812,NA,NA,NA,NA,NA,17.7736120223999
2.70188915229166,3.21741102846272,NA,NA,NA,NA,NA,19.9906849861145
0.470210287483498,0.885676996889196,NA,NA,NA,NA,NA,21.1005098819733
2.92271581650061,2.93644997909714,NA,NA,NA,NA,NA,23.4409048557281
0.868523331729115,1.26132174699333,NA,NA,NA,NA,NA,17.7721149921417
1.25001362019718,2.91128696770682,NA,NA,NA,NA,NA,29.7051680088043
0.34409569906412,0.919005097143728,NA,NA,NA,NA,NA,17.0562179088593
0.574657769033976,1.40320594877791,NA,NA,NA,NA,NA,17.6438910961151
0.647658087564361,2.15714551798225,NA,NA,NA,NA,NA,15.4098961353302
-0.889972019571108,1.33640118944855,NA,NA,NA,NA,NA,16.4087660312653
2.31963846407536,2.51054120286137,NA,NA,NA,NA,NA,15.5102441310883
1.77153674675381,2.27001234959246,NA,NA,NA,NA,NA,16.4271759986877
0.970525619001263,2.84218282586349,NA,NA,NA,NA,NA,15.7434089183807
0.0383468733946464,1.78100605814358,NA,NA,NA,NA,NA,15.0394520759583
0.988480772084611,1.7024772463953,NA,NA,NA,NA,NA,14.8321499824524
1.13000261427428,2.70315638593807,NA,NA,NA,NA,NA,26.9889919757843
1.14861092100198,2.34793510688843,NA,NA,NA,NA,NA,18.4767010211945
0.413511098129194,2.08541443750617,NA,NA,NA,NA,NA,23.7112419605255
0.61952130351287,1.79160565322314,NA,NA,NA,NA,NA,16.8418049812317
-0.0579490348239821,1.36006791950847,NA,NA,NA,NA,NA,16.6266489028931
1.70217880559504,2.3325834978794,NA,NA,NA,NA,NA,19.9864859580994
0.804115986541878,0.922854615763423,NA,NA,NA,NA,NA,17.7351140975952
1.12739890563183,2.3133117254324,NA,NA,NA,NA,NA,17.006628036499
0.919907121413021,1.80718192616021,NA,NA,NA,NA,NA,24.4985399246216
0.601724159125932,1.52579446655733,NA,NA,NA,NA,NA,15.784777879715
2.14711935584516,2.22529194223025,NA,NA,NA,NA,NA,19.3350348472595
2.41225959677863,3.03887899945848,NA,NA,NA,NA,NA,21.9116189479828
0.713984801168441,2.49044232560536,NA,NA,NA,NA,NA,19.130206823349
0.749173735697907,1.30894736002265,NA,NA,NA,NA,NA,20.868901014328
0.962271040316607,1.51824319534606,NA,NA,NA,NA,NA,18.4304299354553
1.4072273033237,2.35060784707382,NA,NA,NA,NA,NA,18.6025419235229
0.0916118330236167,2.51942445174741,NA,NA,NA,NA,NA,18.7929999828339
1.87891110993084,2.55447139651545,NA,NA,NA,NA,NA,19.7770709991455
1.2599908510352,2.1760880922,NA,NA,NA,NA,NA,18.3239839076996
1.20257436959999,1.81859768089758,NA,NA,NA,NA,NA,15.5884609222412
-0.227862061897122,0.299174883494932,NA,NA,NA,NA,NA,18.5348658561707
0.878774030838599,2.63734263159672,NA,NA,NA,NA,NA,17.188246011734
0.525106982609397,2.20944176945573,NA,NA,NA,NA,NA,15.0967569351196
0.760347700964693,0.764995391058967,NA,NA,NA,NA,NA,16.8336269855499
2.39019522514502,3.58419065161497,NA,NA,NA,NA,NA,16.4265010356903
0.583218495409491,2.3053135860726,NA,NA,NA,NA,NA,21.3807260990143
-0.0652545291283481,2.63330943125148,NA,NA,NA,NA,NA,12.9567830562592
1.17007026116807,2.08720882011946,NA,NA,NA,NA,NA,14.5845818519592
1.25502318848579,2.35980899885006,NA,NA,NA,NA,NA,14.4470701217651
1.16580920073038,2.70720682622919,NA,NA,NA,NA,NA,15.7048499584198
0.639689239947051,1.43506389345971,NA,NA,NA,NA,NA,15.5775098800659
0.741223788798156,2.03319766070457,NA,NA,NA,NA,NA,16.118399143219
0.721552749332976,1.72227460957228,NA,NA,NA,NA,NA,19.7604641914368
1.44107576234714,2.7438595106306,NA,NA,NA,NA,NA,19.0575020313263
1.52737573094841,2.55009332028105,NA,NA,NA,NA,NA,20.2633199691772
1.2676862955323,1.42274239237471,NA,NA,NA,NA,NA,19.5655610561371
-0.309174172206601,1.84428329395868,NA,NA,NA,NA,NA,18.1919338703156
1.06051267396062,1.20614510000429,NA,NA,NA,NA,NA,18.8831360340118
0.287834480573104,1.07385875214292,NA,NA,NA,NA,NA,16.8282608985901
0.15394516104776,1.67603419921821,NA,NA,NA,NA,NA,22.3408899307251
0.562546269973456,1.27063603639608,NA,NA,NA,NA,NA,23.4760489463806
1.06902133457865,3.35240378019547,NA,NA,NA,NA,NA,19.5790300369263
1.92047537282953,2.99627047230477,NA,NA,NA,NA,NA,23.8145260810852
1.33016922499392,2.75423459591793,NA,NA,NA,NA,NA,18.9673490524292
1.30403482453805,2.66740549246565,NA,NA,NA,NA,NA,20.5607888698578
0.757693565913835,1.49205389247595,NA,NA,NA,NA,NA,21.3246729373932
0.592594580993622,2.59531655999607,NA,NA,NA,NA,NA,20.9221630096436
0.697509389333084,1.19949250723965,NA,NA,NA,NA,NA,18.773787021637
1.16339818803262,1.6360279740732,NA,NA,NA,NA,NA,29.7779099941254
0.299792299050471,1.38951648264237,NA,NA,NA,NA,NA,16.3758201599121
0.362684415670149,1.17182768000596,NA,NA,NA,NA,NA,20.404109954834
-0.177020483122274,2.17840787756963,NA,NA,NA,NA,NA,24.8439180850983
2.11282021557807,2.90511299871088,NA,NA,NA,NA,NA,19.3521468639374
2.25313246338465,4.747706764876,NA,NA,NA,NA,NA,19.2849922180176
0.133988553479171,3.05896985421885,NA,NA,NA,NA,NA,26.1176130771637
0.711146472238423,1.70850688239044,NA,NA,NA,NA,NA,20.4239020347595
0.842259318198604,1.62705454141262,NA,NA,NA,NA,NA,23.3824157714844
1.09184772927996,2.12955997568512,NA,NA,NA,NA,NA,17.5495722293854
0.553027485697811,1.9095588943178,NA,NA,NA,NA,NA,18.0956778526306
1.39874085955503,1.96939012597315,NA,NA,NA,NA,NA,17.2552800178528
1.94181809831428,3.11884704023722,NA,NA,NA,NA,NA,18.4097180366516
1.50656642971276,2.84001260879886,NA,NA,NA,NA,NA,18.7342472076416
1.33342861256431,1.60144897252946,NA,NA,NA,NA,NA,16.8014919757843
0.195767940292499,1.64740308419328,NA,NA,NA,NA,NA,18.7455060482025
0.203052519944038,1.36475088528323,NA,NA,NA,NA,NA,18.1625108718872
1.43295207234262,3.01630606056423,NA,NA,NA,NA,NA,22.3892560005188
1.26072827651391,2.74645636194559,NA,NA,NA,NA,NA,22.373950958252
0.747528472732135,1.90388376838094,NA,NA,NA,NA,NA,27.1624870300293
1.6865817024428,2.52898960883889,NA,NA,NA,NA,NA,17.2302579879761
1.41501485409284,2.41189241251935,NA,NA,NA,NA,NA,19.3169219493866
1.41259083704099,1.25420985300198,NA,NA,NA,NA,NA,17.3996388912201
0.318141551182529,1.40819071370563,NA,NA,NA,NA,NA,19.2769358158112
0.188908885259208,1.06115036652674,NA,NA,NA,NA,NA,17.3107831478119
1.09191247142439,2.54193458511949,NA,NA,NA,NA,NA,18.423061132431
0.495579405299609,1.39916030616756,NA,NA,NA,NA,NA,22.6245701313019
0.305879027800143,2.44802454306171,NA,NA,NA,NA,NA,22.3311550617218
0.988373992647643,1.76334440327487,NA,NA,NA,NA,NA,21.6489682197571
2.80659691733851,3.70554182281459,NA,NA,NA,NA,NA,20.0112161636353
0.242822466086584,0.848796702839877,NA,NA,NA,NA,NA,18.9612400531769
0.285199227472129,1.46731193474471,NA,NA,NA,NA,NA,18.1711809635162
1.21955029956933,1.95555426758115,NA,NA,NA,NA,NA,20.300635099411
0.983455765970341,1.58116121073772,NA,NA,NA,NA,NA,15.8820848464966
1.27790995133716,2.34979187109913,NA,NA,NA,NA,NA,17.4298620223999
0.180578939373354,1.63852982863222,NA,NA,NA,NA,NA,20.5180330276489
0.269635932748373,2.04702388064323,NA,NA,NA,NA,NA,17.0475599765778
0.942457724164523,2.22436024180302,NA,NA,NA,NA,NA,17.4272150993347
0.682938503266248,2.06021456055709,NA,NA,NA,NA,NA,16.3990428447723
0.551964304859009,1.7042400333118,NA,NA,NA,NA,NA,23.1531050205231
1.18471521046176,2.14248124378037,NA,NA,NA,NA,NA,15.0622041225433
1.3756110892125,2.47409355367104,NA,NA,NA,NA,NA,16.0578989982605
1.75199079965325,2.75473754676301,NA,NA,NA,NA,NA,14.2992980480194
0.927937903612982,1.47870483194516,NA,NA,NA,NA,NA,14.7929790019989
0.460043510021722,1.27344570798019,NA,NA,NA,NA,NA,14.820720911026
0.834481935371965,2.27699307024339,NA,NA,NA,NA,NA,15.4538850784302
1.12416871179681,2.36218200394131,NA,NA,NA,NA,NA,13.3533489704132
1.24859786301798,2.75833052610088,NA,NA,NA,NA,NA,10.7238130569458
